6,00299012E-01
6,00307207E-01
6,00305472E-01
6,00307230E-01
6,00303495E-01
6,00305495E-01
6,00307210E-01
6,00305318E-01
6,00304990E-01
6,00306279E-01
6,00307227E-01
6,00306443E-01
6,00307335E-01
6,00306863E-01
6,00303252E-01
6,00308070E-01
6,00308394E-01
6,00307210E-01
6,00304934E-01
6,00307200E-01
6,00308375E-01
6,00307194E-01
6,00306381E-01
6,00307742E-01
6,00307243E-01
6,00302813E-01
6,00307059E-01
6,00307404E-01
6,00309818E-01
6,00306787E-01
6,00307617E-01
6,00305859E-01
6,00308286E-01
6,00311575E-01
6,00308647E-01
6,00306295E-01
6,00309352E-01
6,00307076E-01
6,00306387E-01
6,00309598E-01
6,00310247E-01
6,00307555E-01
6,00309155E-01
6,00308948E-01
6,00309453E-01
6,00304528E-01
6,00311441E-01
6,00310139E-01
6,00307955E-01
6,00308148E-01
6,00308804E-01
6,00304131E-01
6,00309496E-01
6,00307643E-01
6,00306272E-01
6,00307237E-01
6,00308234E-01
6,00311424E-01
6,00312507E-01
6,00307866E-01
6,00305830E-01
6,00309617E-01
6,00310129E-01
6,00311756E-01
6,00309608E-01
6,00309493E-01
6,00307915E-01
6,00310388E-01
6,00309581E-01
6,00312093E-01
6,00310149E-01
6,00309680E-01
6,00308047E-01
6,00308837E-01
6,00308283E-01
6,00309624E-01
6,00309565E-01
6,00306486E-01
6,00303810E-01
6,00307906E-01
6,00306295E-01
6,00308568E-01
6,00305685E-01
6,00309024E-01
6,00311116E-01
6,00308866E-01
6,00308680E-01
6,00309634E-01
6,00309581E-01
6,00309621E-01
6,00308473E-01
6,00308650E-01
6,00307942E-01
6,00306535E-01
6,00309575E-01
6,00309562E-01
6,00310641E-01
6,00311454E-01
6,00309775E-01
6,00310765E-01
6,00311238E-01
6,00309470E-01
6,00309470E-01
6,00312110E-01
6,00307686E-01
6,00311070E-01
6,00318397E-01
6,00309096E-01
6,00310969E-01
6,00312772E-01
6,00309191E-01
6,00311670E-01
6,00309854E-01
6,00308168E-01
6,00311739E-01
6,00310765E-01
6,00310195E-01
6,00310037E-01
6,00311047E-01
6,00308643E-01
6,00308033E-01
6,00308939E-01
6,00309844E-01
6,00311103E-01
6,00310401E-01
6,00309535E-01
6,00313238E-01
6,00312198E-01
6,00310296E-01
6,00311320E-01
6,00310650E-01
6,00310434E-01
6,00312254E-01
6,00306807E-01
6,00306623E-01
6,00309411E-01
6,00308889E-01
6,00313658E-01
6,00312264E-01
6,00309549E-01
6,00305541E-01
6,00307683E-01
6,00311844E-01
6,00308473E-01
6,00309608E-01
6,00306774E-01
6,00307312E-01
6,00305580E-01
6,00310588E-01
6,00309447E-01
6,00306613E-01
6,00309011E-01
6,00308958E-01
6,00307492E-01
6,00307253E-01
6,00311480E-01
6,00308394E-01
6,00308037E-01
6,00309378E-01
6,00309234E-01
6,00304806E-01
6,00308460E-01
6,00310670E-01
6,00306807E-01
6,00309408E-01
6,00309686E-01
6,00307728E-01
6,00310214E-01
6,00310847E-01
6,00307279E-01
6,00308470E-01
6,00307627E-01
6,00309781E-01
6,00311670E-01
6,00310172E-01
6,00310001E-01
6,00310162E-01
6,00309716E-01
6,00309503E-01
6,00307574E-01
6,00306377E-01
6,00308414E-01
6,00307709E-01
6,00308794E-01
6,00307906E-01
6,00310237E-01
6,00306030E-01
6,00304869E-01
6,00306085E-01
6,00305636E-01
6,00308893E-01
6,00308129E-01
6,00306151E-01
6,00304013E-01
6,00307348E-01
6,00306610E-01
6,00303642E-01
6,00304705E-01
6,00307066E-01
6,00304197E-01
6,00311395E-01
6,00306725E-01
6,00305826E-01
6,00308289E-01
6,00303265E-01
6,00306695E-01
6,00306272E-01
6,00304420E-01
6,00308755E-01
6,00309040E-01
6,00307719E-01
6,00310454E-01
6,00305912E-01
6,00311700E-01
6,00310654E-01
6,00312897E-01
6,00306407E-01
6,00307486E-01
6,00309506E-01
6,00309221E-01
6,00309319E-01
6,00311051E-01
6,00310395E-01
6,00308922E-01
6,00312333E-01
6,00311441E-01
6,00308870E-01
6,00310175E-01
6,00315288E-01
6,00310523E-01
6,00310273E-01
6,00310424E-01
6,00311093E-01
6,00312979E-01
6,00313031E-01
6,00309634E-01
6,00310565E-01
6,00309529E-01
6,00310509E-01
6,00309696E-01
6,00309647E-01
6,00311946E-01
6,00308991E-01
6,00308253E-01
6,00310031E-01
6,00313458E-01
6,00309270E-01
6,00311159E-01
6,00310129E-01
6,00308004E-01
6,00312133E-01
6,00307620E-01
6,00313172E-01
6,00315278E-01
6,00308965E-01
6,00305433E-01
6,00310260E-01
6,00308801E-01
6,00311044E-01
6,00310660E-01
6,00311759E-01
6,00309089E-01
6,00312274E-01
6,00311021E-01
6,00312726E-01
6,00313658E-01
6,00314415E-01
6,00313149E-01
6,00310464E-01
6,00309355E-01
6,00311483E-01
6,00313104E-01
6,00311313E-01
6,00312182E-01
6,00311969E-01
6,00314540E-01
6,00313933E-01
6,00313628E-01
6,00310323E-01
6,00313330E-01
6,00315052E-01
6,00311644E-01
6,00310037E-01
6,00310021E-01
6,00313733E-01
6,00315396E-01
6,00316458E-01
6,00314865E-01
6,00314694E-01
6,00309552E-01
6,00314245E-01
6,00311260E-01
6,00314917E-01
6,00311661E-01
6,00312756E-01
6,00316996E-01
6,00312182E-01
6,00314379E-01
6,00315967E-01
6,00312959E-01
6,00313008E-01
6,00313061E-01
6,00314501E-01
6,00313658E-01
6,00314196E-01
6,00313805E-01
6,00313654E-01
6,00317613E-01
6,00316127E-01
6,00315658E-01
6,00315557E-01
6,00313687E-01
6,00312795E-01
6,00315724E-01
6,00313740E-01
6,00316317E-01
6,00313786E-01
6,00314983E-01
6,00312054E-01
6,00315147E-01
6,00313523E-01
6,00315389E-01
6,00314592E-01
6,00310641E-01
6,00313691E-01
6,00313248E-01
6,00315983E-01
6,00317275E-01
6,00316855E-01
6,00312044E-01
6,00314035E-01
6,00311005E-01
6,00315448E-01
6,00319423E-01
6,00313018E-01
6,00315816E-01
6,00314970E-01
6,00312838E-01
6,00314005E-01
6,00318761E-01
6,00314855E-01
6,00303065E-01
6,00314881E-01
6,00316868E-01
6,00312723E-01
6,00312415E-01
6,00313458E-01
6,00313458E-01
6,00309840E-01
6,00312189E-01
6,00312005E-01
6,00311103E-01
6,00310542E-01
6,00313500E-01
6,00309686E-01
6,00309139E-01
6,00309968E-01
6,00310011E-01
6,00309877E-01
6,00308624E-01
6,00310992E-01
6,00306092E-01
6,00311405E-01
6,00309463E-01
6,00312743E-01
6,00308558E-01
6,00310237E-01
6,00310191E-01
6,00307830E-01
6,00310437E-01
6,00310654E-01
6,00309703E-01
6,00310188E-01
6,00311297E-01
6,00310883E-01
6,00311497E-01
6,00309244E-01
6,00308670E-01
6,00310405E-01
6,00309083E-01
6,00304082E-01
6,00305111E-01
6,00306672E-01
6,00309142E-01
6,00310532E-01
6,00309237E-01
6,00306131E-01
6,00308807E-01
6,00309129E-01
6,00307364E-01
6,00308919E-01
6,00310211E-01
6,00309955E-01
6,00311152E-01
6,00311500E-01
6,00310969E-01
6,00310395E-01
6,00308060E-01
6,00307384E-01
6,00308489E-01
6,00308352E-01
6,00305498E-01
6,00306148E-01
6,00307214E-01
6,00308256E-01
6,00310214E-01
6,00310742E-01
6,00308929E-01
6,00308817E-01
6,00311290E-01
6,00309457E-01
6,00309427E-01
6,00308561E-01
6,00308689E-01
6,00308601E-01
6,00311103E-01
6,00309303E-01
6,00308591E-01
6,00309522E-01
6,00309480E-01
6,00308335E-01
6,00310890E-01
6,00308975E-01
6,00309732E-01
6,00311211E-01
6,00309391E-01
6,00310621E-01
6,00310309E-01
6,00313081E-01
6,00310621E-01
6,00308883E-01
6,00311805E-01
6,00306853E-01
6,00310683E-01
6,00308063E-01
6,00308529E-01
6,00305922E-01
6,00307328E-01
6,00308342E-01
6,00313369E-01
6,00311198E-01
6,00310503E-01
6,00308988E-01
6,00308388E-01
6,00308870E-01
6,00310834E-01
6,00308493E-01
6,00311926E-01
6,00310696E-01
6,00311916E-01
6,00308539E-01
6,00312182E-01
6,00311146E-01
6,00309962E-01
6,00308138E-01
6,00307732E-01
6,00307896E-01
6,00305780E-01
6,00307158E-01
6,00306912E-01
6,00307984E-01
6,00308863E-01
6,00310172E-01
6,00306502E-01
6,00309899E-01
6,00309227E-01
6,00307371E-01
6,00307430E-01
6,00310578E-01
6,00309142E-01
6,00311654E-01
6,00306325E-01
6,00309499E-01
6,00310391E-01
6,00306777E-01
6,00312589E-01
6,00309293E-01
6,00309575E-01
6,00310782E-01
6,00314156E-01
6,00308260E-01
6,00311654E-01
6,00304016E-01
6,00308975E-01
6,00308443E-01
6,00310696E-01
6,00308483E-01
6,00308063E-01
6,00312198E-01
6,00309667E-01
6,00308502E-01
6,00312858E-01
6,00311133E-01
6,00311513E-01
6,00308440E-01
6,00304967E-01
6,00308994E-01
6,00308148E-01
6,00309585E-01
6,00309273E-01
6,00307227E-01
6,00304669E-01
6,00305180E-01
6,00308260E-01
6,00308276E-01
6,00309007E-01
6,00308676E-01
6,00307824E-01
6,00307010E-01
6,00307437E-01
6,00308942E-01
6,00313969E-01
6,00309250E-01
6,00307938E-01
6,00306873E-01
6,00310077E-01
6,00306735E-01
6,00307240E-01
6,00311047E-01
6,00306174E-01
6,00307532E-01
6,00309899E-01
6,00308414E-01
6,00306076E-01
6,00306443E-01
6,00311293E-01
6,00309709E-01
6,00306545E-01
6,00307505E-01
6,00307115E-01
6,00308939E-01
6,00306282E-01
6,00305380E-01
6,00307109E-01
6,00303688E-01
6,00302799E-01
6,00301074E-01
6,00304485E-01
6,00303701E-01
6,00305439E-01
6,00307938E-01
6,00304816E-01
6,00304987E-01
6,00306226E-01
6,00303875E-01
6,00309126E-01
6,00304544E-01
6,00302278E-01
6,00305275E-01
6,00306266E-01
6,00305102E-01
6,00302773E-01
6,00301766E-01
6,00304931E-01
6,00308565E-01
6,00307361E-01
6,00306463E-01
6,00307994E-01
6,00307325E-01
6,00309099E-01
6,00303990E-01
6,00306226E-01
6,00304787E-01
6,00303967E-01
6,00305144E-01
6,00303124E-01
6,00302649E-01
6,00301596E-01
6,00304088E-01
6,00304872E-01
6,00305203E-01
6,00306905E-01
6,00305184E-01
6,00305125E-01
6,00303721E-01
6,00303200E-01
6,00307030E-01
6,00302754E-01
6,00303665E-01
6,00302993E-01
6,00308345E-01
6,00305954E-01
6,00302737E-01
6,00305525E-01
6,00305413E-01
6,00300910E-01
6,00305551E-01
6,00304875E-01
6,00303282E-01
6,00306843E-01
6,00302452E-01
6,00303921E-01
6,00303547E-01
6,00305692E-01
6,00303393E-01
6,00306623E-01
6,00308962E-01
6,00308037E-01
6,00305292E-01
6,00302557E-01
6,00307515E-01
6,00306072E-01
6,00302872E-01
6,00307460E-01
6,00309690E-01
6,00306463E-01
6,00302662E-01
6,00302235E-01
6,00303619E-01
6,00307850E-01
6,00303226E-01
6,00305266E-01
6,00305230E-01
6,00305013E-01
6,00307758E-01
6,00304777E-01
6,00305702E-01
6,00308417E-01
6,00305462E-01
6,00303688E-01
6,00308447E-01
6,00306030E-01
6,00307253E-01
6,00302931E-01
6,00303875E-01
6,00302085E-01
6,00303708E-01
6,00307496E-01
6,00304364E-01
6,00305000E-01
6,00301914E-01
6,00304600E-01
6,00302576E-01
6,00303947E-01
6,00305964E-01
6,00305597E-01
6,00306548E-01
6,00304282E-01
6,00305567E-01
6,00305502E-01
6,00306453E-01
6,00305594E-01
6,00303728E-01
6,00304685E-01
6,00306043E-01
6,00304944E-01
6,00302796E-01
6,00303072E-01
6,00301563E-01
6,00306374E-01
6,00302655E-01
6,00303468E-01
6,00303646E-01
6,00305872E-01
6,00302458E-01
6,00303662E-01
6,00303760E-01
6,00304069E-01
6,00304843E-01
6,00305062E-01
6,00306141E-01
6,00304895E-01
6,00307374E-01
6,00303905E-01
6,00308093E-01
6,00306217E-01
6,00304085E-01
6,00304380E-01
6,00303337E-01
6,00307145E-01
6,00304000E-01
6,00306135E-01
6,00304921E-01
6,00304101E-01
6,00306026E-01
6,00305600E-01
6,00306430E-01
6,00302586E-01
6,00303560E-01
6,00300986E-01
6,00301373E-01
6,00303131E-01
6,00303505E-01
6,00305269E-01
6,00306682E-01
6,00302144E-01
6,00306781E-01
6,00303295E-01
6,00302439E-01
6,00302786E-01
6,00304721E-01
6,00304790E-01
6,00304859E-01
6,00305774E-01
6,00302576E-01
6,00302150E-01
6,00302009E-01
6,00307273E-01
6,00303222E-01
6,00304528E-01
6,00304597E-01
6,00303442E-01
6,00307906E-01
6,00304747E-01
6,00305246E-01
6,00312123E-01
6,00309860E-01
6,00307128E-01
6,00307666E-01
6,00308404E-01
6,00305954E-01
6,00302898E-01
6,00302629E-01
6,00305594E-01
6,00303596E-01
6,00305584E-01
6,00306545E-01
6,00306013E-01
6,00305128E-01
6,00307909E-01
6,00306059E-01
6,00308424E-01
6,00303514E-01
6,00306305E-01
6,00306197E-01
6,00303550E-01
6,00307643E-01
6,00304934E-01
6,00306076E-01
6,00305066E-01
6,00304295E-01
6,00301868E-01
6,00304797E-01
6,00306469E-01
6,00303655E-01
6,00304751E-01
6,00305357E-01
6,00305134E-01
6,00303514E-01
6,00306259E-01
6,00304774E-01
6,00303787E-01
6,00306558E-01
6,00307669E-01
6,00306991E-01
6,00305843E-01
6,00306059E-01
6,00307112E-01
6,00305754E-01
6,00306289E-01
6,00306764E-01
6,00304987E-01
6,00304708E-01
6,00306958E-01
6,00308502E-01
6,00306249E-01
6,00307574E-01
6,00307351E-01
6,00308306E-01
6,00308742E-01
6,00310687E-01
6,00305607E-01
6,00303685E-01
6,00307164E-01
6,00307663E-01
6,00305413E-01
6,00308417E-01
6,00305649E-01
6,00306902E-01
6,00307315E-01
6,00306905E-01
6,00308168E-01
6,00307266E-01
6,00308352E-01
6,00304272E-01
6,00307984E-01
6,00308276E-01
6,00305823E-01
6,00305282E-01
6,00306112E-01
6,00307148E-01
6,00305351E-01
6,00310113E-01
6,00309427E-01
6,00309729E-01
6,00310247E-01
6,00310191E-01
6,00306600E-01
6,00309929E-01
6,00310004E-01
6,00309352E-01
6,00311015E-01
6,00307630E-01
6,00308479E-01
6,00306981E-01
6,00306827E-01
6,00306912E-01
6,00310431E-01
6,00306987E-01
6,00310306E-01
6,00309086E-01
6,00306289E-01
6,00309995E-01
6,00307276E-01
6,00305643E-01
6,00310067E-01
6,00308479E-01
6,00308420E-01
6,00305282E-01
6,00306486E-01
6,00306263E-01
6,00309804E-01
6,00309014E-01
6,00308807E-01
6,00308043E-01
6,00307601E-01
6,00308024E-01
6,00307647E-01
6,00311369E-01
6,00308011E-01
6,00307017E-01
6,00304813E-01
6,00307647E-01
6,00309132E-01
6,00310529E-01
6,00309503E-01
6,00310126E-01
6,00311615E-01
6,00309483E-01
6,00309293E-01
6,00307886E-01
6,00310001E-01
6,00306394E-01
6,00308115E-01
6,00306699E-01
6,00304934E-01
6,00305869E-01
6,00307450E-01
6,00305669E-01
6,00305600E-01
6,00307020E-01
6,00306377E-01
6,00308411E-01
6,00308138E-01
6,00306571E-01
6,00310828E-01
6,00304554E-01
6,00307791E-01
6,00303626E-01
6,00306659E-01
6,00306302E-01
6,00306620E-01
6,00306181E-01
6,00307338E-01
6,00309637E-01
6,00305744E-01
6,00306958E-01
6,00305200E-01
6,00309070E-01
6,00308463E-01
6,00305666E-01
6,00312713E-01
6,00307492E-01
6,00304810E-01
6,00307305E-01
6,00308742E-01
6,00307207E-01
6,00309804E-01
6,00307279E-01
6,00306787E-01
6,00309581E-01
6,00305718E-01
6,00305459E-01
6,00307269E-01
6,00305584E-01
6,00305784E-01
6,00304475E-01
6,00308725E-01
6,00305115E-01
6,00305193E-01
6,00304682E-01
6,00304895E-01
6,00304272E-01
6,00305767E-01
6,00307253E-01
6,00307784E-01
6,00307184E-01
6,00306758E-01
6,00305151E-01
6,00307378E-01
6,00309795E-01
6,00305767E-01
6,00310277E-01
6,00306223E-01
6,00306243E-01
6,00307984E-01
6,00311172E-01
6,00307863E-01
6,00307683E-01
6,00306177E-01
6,00307479E-01
6,00306545E-01
6,00306738E-01
6,00309719E-01
6,00309945E-01
6,00308352E-01
6,00306909E-01
6,00306443E-01
6,00307696E-01
6,00310450E-01
6,00305331E-01
6,00302796E-01
6,00308332E-01
6,00306076E-01
6,00306200E-01
6,00307647E-01
6,00308952E-01
6,00307040E-01
6,00305725E-01
6,00306053E-01
6,00309201E-01
6,00303931E-01
6,00307610E-01
6,00305000E-01
6,00306076E-01
6,00305840E-01
6,00306390E-01
6,00308033E-01
6,00309181E-01
6,00306577E-01
6,00302681E-01
6,00305505E-01
6,00307043E-01
6,00303554E-01
6,00305538E-01
6,00308909E-01
6,00307981E-01
6,00308857E-01
6,00309286E-01
6,00309778E-01
6,00306666E-01
6,00308161E-01
6,00306771E-01
6,00308427E-01
6,00304065E-01
6,00308260E-01
6,00308240E-01
6,00306751E-01
6,00310480E-01
6,00308916E-01
6,00308434E-01
6,00305279E-01
6,00307742E-01
6,00308332E-01
6,00305413E-01
6,00308584E-01
6,00307722E-01
6,00307738E-01
6,00310198E-01
6,00308358E-01
6,00312520E-01
6,00308302E-01
6,00308378E-01
6,00308125E-01
6,00307059E-01
6,00307653E-01
6,00307184E-01
6,00307427E-01
6,00306449E-01
6,00309732E-01
6,00310329E-01
6,00304698E-01
6,00308640E-01
6,00309499E-01
6,00309968E-01
6,00310437E-01
6,00310021E-01
6,00309194E-01
6,00311277E-01
6,00308522E-01
6,00309355E-01
6,00309644E-01
6,00309024E-01
6,00303882E-01
6,00309739E-01
6,00311631E-01
6,00308617E-01
6,00310037E-01
6,00306249E-01
6,00308558E-01
6,00308329E-01
6,00303632E-01
6,00306187E-01
6,00307043E-01
6,00309667E-01
6,00306341E-01
6,00305223E-01
6,00304856E-01
6,00308322E-01
6,00309332E-01
6,00304574E-01
6,00305210E-01
6,00308699E-01
6,00308289E-01
6,00306732E-01
6,00309116E-01
6,00305899E-01
6,00307256E-01
6,00307096E-01
6,00306663E-01
6,00309965E-01
6,00307761E-01
6,00308765E-01
6,00310332E-01
6,00304308E-01
6,00304787E-01
6,00306987E-01
6,00305436E-01
6,00309053E-01
6,00307683E-01
6,00309083E-01
6,00309063E-01
6,00306627E-01
6,00305148E-01
6,00309985E-01
6,00308079E-01
6,00306991E-01
6,00309260E-01
6,00306158E-01
6,00305374E-01
6,00305039E-01
6,00308876E-01
6,00306322E-01
6,00305495E-01
6,00304374E-01
6,00307817E-01
6,00308804E-01
6,00307915E-01
6,00307463E-01
6,00309719E-01
6,00309037E-01
6,00305282E-01
6,00308404E-01
6,00305574E-01
6,00308771E-01
6,00307473E-01
6,00310562E-01
6,00309017E-01
6,00307266E-01
6,00306390E-01
6,00308263E-01
6,00309283E-01
6,00306718E-01
6,00310395E-01
6,00308283E-01
6,00310978E-01
6,00308397E-01
6,00309106E-01
6,00307446E-01
6,00309214E-01
6,00304747E-01
6,00304462E-01
6,00305318E-01
6,00308735E-01
6,00305557E-01
6,00307246E-01
6,00306955E-01
6,00307158E-01
6,00307505E-01
6,00308919E-01
6,00308365E-01
6,00303941E-01
6,00306650E-01
6,00309408E-01
6,00308053E-01
6,00306692E-01
6,00308539E-01
6,00308319E-01
6,00308276E-01
6,00309142E-01
6,00306394E-01
6,00308476E-01
6,00309909E-01
6,00307463E-01
6,00306128E-01
6,00307387E-01
6,00307332E-01
6,00307784E-01
6,00307656E-01
6,00308604E-01
6,00306876E-01
6,00305567E-01
6,00307361E-01
6,00310165E-01
6,00307014E-01
6,00303537E-01
6,00306800E-01
6,00308637E-01
6,00308024E-01
6,00305459E-01
6,00311136E-01
6,00307601E-01
6,00308375E-01
6,00308860E-01
6,00305016E-01
6,00308240E-01
6,00304439E-01
6,00304580E-01
6,00307056E-01
6,00306148E-01
6,00304213E-01
6,00303767E-01
6,00308319E-01
6,00309608E-01
6,00308870E-01
6,00308516E-01
6,00305823E-01
6,00306928E-01
6,00307135E-01
6,00303947E-01
6,00308102E-01
6,00305046E-01
6,00305115E-01
6,00304580E-01
6,00303934E-01
6,00306269E-01
6,00305154E-01
6,00303511E-01
6,00307961E-01
6,00306604E-01
6,00307879E-01
6,00303642E-01
6,00308112E-01
6,00309388E-01
6,00306745E-01
6,00308611E-01
6,00307509E-01
6,00309007E-01
6,00310460E-01
6,00308027E-01
6,00309204E-01
6,00308899E-01
6,00304770E-01
6,00308296E-01
6,00305302E-01
6,00306122E-01
6,00302157E-01
6,00306594E-01
6,00307046E-01
6,00304151E-01
6,00304623E-01
6,00304649E-01
6,00308388E-01
6,00307650E-01
6,00301120E-01
6,00305233E-01
6,00302442E-01
6,00301930E-01
6,00305758E-01
6,00301835E-01
6,00304528E-01
6,00303029E-01
6,00306810E-01
6,00304105E-01
6,00303259E-01
6,00307958E-01
6,00303960E-01
6,00303747E-01
6,00305689E-01
6,00304236E-01
6,00307915E-01
6,00304252E-01
6,00304921E-01
6,00302701E-01
6,00305997E-01
6,00305390E-01
6,00304652E-01
6,00307699E-01
6,00302721E-01
6,00306866E-01
6,00305721E-01
6,00306738E-01
6,00308152E-01
6,00306010E-01
6,00303875E-01
6,00305289E-01
6,00305931E-01
6,00304380E-01
6,00304223E-01
6,00307374E-01
6,00308329E-01
6,00305856E-01
6,00306174E-01
6,00307843E-01
6,00303039E-01
6,00306440E-01
6,00303331E-01
6,00304321E-01
6,00303557E-01
6,00307263E-01
6,00305138E-01
6,00305580E-01
6,00305643E-01
6,00303790E-01
6,00304092E-01
6,00303127E-01
6,00305577E-01
6,00304764E-01
6,00307178E-01
6,00305521E-01
6,00304610E-01
6,00302347E-01
6,00304278E-01
6,00301543E-01
6,00299789E-01
6,00303596E-01
6,00301907E-01
6,00303524E-01
6,00304367E-01
6,00301921E-01
6,00305964E-01
6,00302494E-01
6,00300245E-01
6,00304062E-01
6,00301845E-01
6,00306886E-01
6,00302944E-01
6,00304426E-01
6,00306889E-01
6,00306010E-01
6,00307027E-01
6,00304698E-01
6,00304997E-01
6,00306699E-01
6,00304934E-01
6,00305420E-01
6,00302947E-01
6,00302937E-01
6,00305128E-01
6,00306722E-01
6,00304003E-01
6,00303308E-01
6,00300976E-01
6,00300848E-01
6,00301639E-01
6,00303085E-01
6,00303154E-01
6,00304239E-01
6,00306049E-01
6,00305990E-01
6,00304118E-01
6,00306715E-01
6,00306964E-01
6,00307020E-01
6,00301176E-01
6,00302409E-01
6,00303472E-01
6,00304767E-01
6,00305508E-01
6,00304888E-01
6,00301271E-01
6,00305856E-01
6,00306909E-01
6,00303564E-01
6,00303806E-01
6,00305207E-01
6,00304167E-01
6,00304685E-01
6,00304911E-01
6,00306302E-01
6,00305453E-01
6,00306181E-01
6,00306292E-01
6,00306663E-01
6,00304833E-01
6,00306236E-01
6,00307774E-01
6,00303131E-01
6,00302137E-01
6,00302340E-01
6,00307282E-01
6,00301829E-01
6,00300671E-01
6,00305134E-01
6,00301839E-01
6,00305233E-01
6,00304816E-01
6,00306043E-01
6,00305479E-01
6,00304600E-01
6,00304810E-01
6,00301481E-01
6,00302711E-01
6,00300792E-01
6,00302160E-01
6,00304019E-01
6,00303200E-01
6,00304498E-01
6,00302426E-01
6,00301917E-01
6,00304095E-01
6,00302852E-01
6,00305922E-01
6,00307551E-01
6,00305108E-01
6,00301658E-01
6,00300642E-01
6,00303872E-01
6,00301209E-01
6,00305459E-01
6,00301143E-01
6,00301724E-01
6,00303580E-01
6,00299323E-01
6,00302245E-01
6,00301438E-01
6,00303511E-01
6,00299704E-01
6,00299044E-01
6,00303619E-01
6,00304380E-01
6,00301488E-01
6,00302750E-01
6,00299507E-01
6,00304137E-01
6,00304088E-01
6,00300740E-01
6,00304764E-01
6,00300868E-01
6,00299428E-01
6,00303750E-01
6,00301596E-01
6,00300983E-01
6,00304623E-01
6,00304219E-01
6,00302619E-01
6,00303937E-01
6,00304446E-01
6,00303724E-01
6,00306741E-01
6,00302409E-01
6,00302567E-01
6,00301173E-01
6,00301265E-01
6,00302176E-01
6,00302239E-01
6,00299261E-01
6,00304606E-01
6,00302157E-01
6,00305531E-01
6,00303442E-01
6,00303508E-01
6,00306341E-01
6,00302858E-01
6,00305043E-01
6,00302380E-01
6,00305502E-01
6,00302085E-01
6,00300176E-01
6,00304888E-01
6,00301976E-01
6,00302957E-01
6,00301543E-01
6,00300284E-01
6,00304374E-01
6,00302681E-01
6,00306909E-01
6,00300628E-01
6,00301753E-01
6,00307328E-01
6,00303937E-01
6,00305443E-01
6,00305184E-01
6,00301314E-01
6,00303616E-01
6,00306758E-01
6,00303373E-01
6,00301507E-01
6,00302327E-01
6,00302662E-01
6,00307004E-01
6,00305000E-01
6,00305607E-01
6,00303741E-01
6,00301048E-01
6,00304016E-01
6,00303777E-01
6,00308207E-01
6,00303429E-01
6,00307210E-01
6,00308440E-01
6,00308584E-01
6,00306128E-01
6,00305754E-01
6,00304724E-01
6,00302412E-01
6,00303878E-01
6,00300228E-01
6,00303255E-01
6,00304787E-01
6,00306722E-01
6,00305213E-01
6,00305574E-01
6,00304492E-01
6,00307161E-01
6,00308617E-01
6,00302130E-01
6,00303596E-01
6,00306509E-01
6,00307089E-01
6,00304324E-01
6,00304692E-01
6,00306164E-01
6,00306072E-01
6,00302088E-01
6,00306820E-01
6,00305111E-01
6,00303291E-01
6,00303308E-01
6,00307342E-01
6,00303557E-01
6,00304718E-01
6,00304236E-01
6,00303091E-01
6,00304144E-01
6,00302980E-01
6,00305059E-01
6,00304180E-01
6,00301812E-01
6,00303095E-01
6,00302353E-01
6,00303731E-01
6,00302347E-01
6,00300300E-01
6,00302114E-01
6,00301517E-01
6,00303432E-01
6,00302163E-01
6,00303409E-01
6,00303036E-01
6,00304829E-01
6,00301989E-01
6,00303360E-01
6,00299884E-01
6,00304078E-01
6,00304623E-01
6,00304324E-01
6,00302337E-01
6,00306053E-01
6,00308476E-01
6,00307833E-01
6,00304820E-01
6,00304685E-01
6,00302419E-01
6,00296398E-01
6,00303432E-01
6,00300333E-01
6,00301514E-01
6,00303160E-01
6,00300553E-01
6,00303564E-01
6,00304656E-01
6,00303596E-01
6,00304390E-01
6,00303049E-01
6,00304108E-01
6,00306033E-01
6,00302767E-01
6,00303711E-01
6,00305485E-01
6,00302186E-01
6,00303282E-01
6,00300133E-01
6,00301842E-01
6,00301350E-01
6,00302550E-01
6,00306620E-01
6,00303682E-01
6,00305371E-01
6,00303075E-01
6,00306964E-01
6,00305974E-01
6,00301721E-01
6,00301261E-01
6,00301888E-01
6,00304410E-01
6,00303993E-01
6,00304721E-01
6,00302275E-01
6,00302914E-01
6,00301881E-01
6,00301386E-01
6,00299664E-01
6,00303931E-01
6,00303665E-01
6,00302855E-01
6,00300910E-01
6,00303245E-01
6,00299743E-01
6,00299028E-01
6,00301393E-01
6,00301422E-01
6,00302458E-01
6,00299864E-01
6,00298057E-01
6,00297667E-01
6,00296398E-01
6,00297641E-01
6,00300048E-01
6,00298129E-01
6,00300268E-01
6,00300838E-01
6,00302472E-01
6,00300212E-01
6,00301219E-01
6,00298415E-01
6,00299120E-01
6,00289613E-01
6,00303059E-01
6,00297247E-01
6,00298651E-01
6,00301061E-01
6,00300107E-01
6,00302193E-01
6,00296483E-01
6,00300481E-01
6,00298913E-01
6,00304016E-01
6,00297264E-01
6,00299887E-01
6,00300297E-01
6,00299277E-01
6,00301819E-01
6,00299756E-01
6,00299461E-01
6,00301383E-01
6,00297592E-01
6,00299310E-01
6,00302790E-01
6,00301111E-01
6,00297923E-01
6,00298087E-01
6,00301248E-01
6,00300914E-01
6,00301320E-01
6,00299487E-01
6,00304026E-01
6,00299353E-01
6,00300825E-01
6,00300622E-01
6,00297241E-01
6,00298438E-01
6,00300481E-01
6,00294460E-01
6,00295217E-01
6,00297861E-01
6,00299044E-01
6,00298480E-01
6,00299769E-01
6,00303036E-01
6,00298687E-01
6,00299553E-01
6,00300268E-01
6,00300963E-01
6,00301458E-01
6,00298808E-01
6,00298766E-01
6,00299169E-01
6,00297805E-01
6,00296624E-01
6,00297306E-01
6,00298031E-01
6,00299881E-01
6,00299668E-01
6,00299789E-01
6,00300199E-01
6,00293237E-01
6,00297106E-01
6,00300094E-01
6,00302242E-01
6,00301517E-01
6,00304603E-01
6,00300704E-01
6,00300566E-01
6,00298307E-01
6,00299602E-01
6,00298002E-01
6,00299851E-01
6,00298549E-01
6,00298274E-01
6,00297900E-01
6,00299782E-01
6,00302442E-01
6,00304702E-01
6,00300694E-01
6,00301868E-01
6,00297601E-01
6,00299185E-01
6,00300114E-01
6,00299540E-01
6,00296168E-01
6,00299172E-01
6,00299795E-01
6,00297162E-01
6,00301983E-01
6,00299254E-01
6,00298474E-01
6,00296152E-01
6,00301645E-01
6,00298375E-01
6,00298303E-01
6,00297477E-01
6,00301032E-01
6,00304174E-01
6,00302481E-01
6,00301048E-01
6,00301111E-01
6,00299169E-01
6,00296349E-01
6,00302147E-01
6,00301806E-01
6,00298605E-01
6,00301166E-01
6,00298375E-01
6,00300123E-01
6,00298146E-01
6,00299540E-01
6,00300848E-01
6,00299707E-01
6,00301701E-01
6,00302445E-01
6,00302488E-01
6,00303665E-01
6,00302442E-01
6,00302672E-01
6,00299363E-01
6,00297690E-01
6,00301311E-01
6,00300045E-01
6,00299795E-01
6,00295680E-01
6,00297867E-01
6,00296834E-01
6,00298671E-01
6,00299356E-01
6,00297536E-01
6,00299576E-01
6,00301950E-01
6,00299527E-01
6,00300396E-01
6,00300310E-01
6,00297792E-01
6,00302327E-01
6,00298880E-01
6,00302065E-01
6,00297795E-01
6,00299825E-01
6,00298884E-01
6,00301042E-01
6,00300094E-01
6,00299996E-01
6,00299054E-01
6,00299130E-01
6,00295827E-01
6,00300300E-01
6,00303491E-01
6,00298326E-01
6,00298867E-01
6,00300166E-01
6,00301294E-01
6,00300481E-01
6,00298569E-01
6,00298677E-01
6,00299156E-01
6,00296932E-01
6,00299448E-01
6,00301858E-01
6,00301586E-01
6,00299048E-01
6,00301025E-01
6,00299284E-01
6,00293046E-01
6,00298444E-01
6,00297962E-01
6,00297300E-01
6,00296709E-01
6,00301301E-01
6,00299097E-01
6,00297798E-01
6,00304806E-01
6,00301717E-01
6,00296562E-01
6,00299163E-01
6,00297582E-01
6,00300986E-01
6,00299720E-01
6,00299133E-01
6,00298717E-01
6,00304603E-01
6,00302324E-01
6,00298726E-01
6,00295191E-01
6,00298930E-01
6,00297857E-01
6,00297795E-01
6,00298457E-01
6,00300097E-01
6,00298638E-01
6,00299720E-01
6,00298333E-01
6,00301917E-01
6,00303446E-01
6,00301416E-01
6,00299920E-01
6,00302167E-01
6,00296998E-01
6,00299133E-01
6,00293460E-01
6,00293958E-01
6,00295699E-01
6,00296080E-01
6,00295955E-01
6,00297969E-01
6,00296024E-01
6,00295949E-01
6,00293860E-01
6,00297867E-01
6,00299025E-01
6,00300517E-01
6,00297805E-01
6,00295791E-01
6,00299044E-01
6,00296572E-01
6,00296421E-01
6,00292479E-01
6,00296014E-01
6,00300346E-01
6,00300517E-01
6,00296916E-01
6,00298389E-01
6,00296969E-01
6,00298421E-01
6,00296126E-01
6,00297133E-01
6,00297772E-01
6,00295030E-01
6,00296342E-01
6,00295801E-01
6,00292794E-01
6,00295624E-01
6,00296519E-01
6,00294630E-01
6,00293755E-01
6,00293732E-01
6,00295319E-01
6,00299310E-01
6,00293027E-01
6,00293479E-01
6,00293702E-01
6,00298477E-01
6,00294834E-01
6,00297392E-01
6,00295270E-01
6,00299081E-01
6,00297244E-01
6,00297959E-01
6,00299910E-01
6,00296910E-01
6,00296772E-01
6,00298048E-01
6,00295673E-01
6,00298946E-01
6,00297631E-01
6,00296769E-01
6,00300278E-01
6,00295765E-01
6,00298854E-01
6,00298654E-01
6,00297365E-01
6,00301455E-01
6,00299835E-01
6,00298710E-01
6,00299904E-01
6,00298392E-01
6,00295601E-01
6,00298903E-01
6,00295486E-01
6,00297047E-01
6,00296185E-01
6,00297510E-01
6,00298559E-01
6,00301271E-01
6,00297729E-01
6,00295588E-01
6,00300117E-01
6,00300999E-01
6,00299950E-01
6,00297031E-01
6,00296791E-01
6,00297487E-01
6,00306545E-01
6,00306013E-01
6,00305128E-01
6,00307909E-01
6,00306059E-01
6,00308424E-01
6,00303514E-01
6,00306305E-01
6,00306197E-01
6,00303550E-01
6,00307643E-01
6,00304934E-01
6,00306076E-01
6,00305066E-01
6,00304295E-01
6,00301868E-01
6,00304797E-01
6,00306469E-01
6,00303655E-01
6,00304751E-01
6,00305357E-01
6,00305134E-01
6,00303514E-01
6,00306259E-01
6,00304774E-01
6,00303787E-01
6,00306558E-01
6,00307669E-01
6,00306991E-01
6,00305843E-01
6,00306059E-01
6,00307112E-01
6,00305754E-01
6,00306289E-01
6,00306764E-01
6,00304987E-01
6,00304708E-01
6,00306958E-01
6,00308502E-01
6,00306249E-01
6,00307574E-01
6,00307351E-01
6,00308306E-01
6,00308742E-01
6,00310687E-01
6,00305607E-01
6,00303685E-01
6,00307164E-01
6,00307663E-01
6,00305413E-01
6,00308417E-01
6,00305649E-01
6,00306902E-01
6,00307315E-01
6,00306905E-01
6,00308168E-01
6,00307266E-01
6,00308352E-01
6,00304272E-01
6,00307984E-01
6,00308276E-01
6,00305823E-01
6,00305282E-01
6,00306112E-01
6,00307148E-01
6,00305351E-01
6,00310113E-01
6,00309427E-01
6,00309729E-01
6,00310247E-01
6,00310191E-01
6,00306600E-01
6,00309929E-01
6,00310004E-01
6,00309352E-01
6,00311015E-01
6,00307630E-01
6,00308479E-01
6,00306981E-01
6,00306827E-01
6,00306912E-01
6,00310431E-01
6,00306987E-01
6,00310306E-01
6,00309086E-01
6,00306289E-01
6,00309995E-01
6,00307276E-01
6,00305643E-01
6,00310067E-01
6,00308479E-01
6,00308420E-01
6,00305282E-01
6,00306486E-01
6,00306263E-01
6,00309804E-01
6,00309014E-01
6,00308807E-01
6,00308043E-01
6,00307601E-01
6,00308024E-01
6,00307647E-01
6,00311369E-01
6,00308011E-01
6,00307017E-01
6,00304813E-01
6,00307647E-01
6,00309132E-01
6,00310529E-01
6,00309503E-01
6,00310126E-01
6,00311615E-01
6,00309483E-01
6,00309293E-01
6,00307886E-01
6,00310001E-01
6,00306394E-01
6,00308115E-01
6,00306699E-01
6,00304934E-01
6,00305869E-01
6,00307450E-01
6,00305669E-01
6,00305600E-01
6,00307020E-01
6,00306377E-01
6,00308411E-01
6,00308138E-01
6,00306571E-01
6,00310828E-01
6,00304554E-01
6,00307791E-01
6,00303626E-01
6,00306659E-01
6,00306302E-01
6,00306620E-01
6,00306181E-01
6,00307338E-01
6,00309637E-01
6,00305744E-01
6,00306958E-01
6,00305200E-01
6,00309070E-01
6,00308463E-01
6,00305666E-01
6,00312713E-01
6,00307492E-01
6,00304810E-01
6,00307305E-01
6,00308742E-01
6,00307207E-01
6,00309804E-01
6,00307279E-01
6,00306787E-01
6,00309581E-01
6,00305718E-01
6,00305459E-01
6,00305767E-01
6,00307253E-01
6,00307784E-01
6,00307184E-01
6,00306758E-01
6,00305151E-01
6,00307378E-01
6,00309795E-01
6,00305767E-01
6,00310277E-01
6,00306223E-01
6,00306243E-01
6,00307984E-01
6,00311172E-01
6,00307863E-01
6,00307683E-01
6,00306177E-01
6,00307479E-01
6,00306545E-01
6,00306738E-01
6,00309719E-01
6,00309945E-01
6,00308352E-01
6,00306909E-01
6,00306443E-01
6,00307696E-01
6,00310450E-01
6,00305331E-01
6,00302796E-01
6,00308332E-01
6,00306076E-01
6,00306200E-01
6,00307647E-01
6,00308952E-01
6,00307040E-01
6,00305725E-01
6,00306053E-01
6,00309201E-01
6,00303931E-01
6,00307610E-01
6,00305000E-01
6,00306076E-01
6,00305840E-01
6,00306390E-01
6,00308033E-01
6,00309181E-01
6,00306577E-01
6,00302681E-01
6,00305505E-01
6,00307043E-01
6,00303554E-01
6,00305538E-01
6,00308909E-01
6,00307981E-01
6,00308857E-01
6,00309286E-01
6,00309778E-01
6,00306666E-01
6,00308161E-01
6,00306771E-01
6,00308427E-01
6,00304065E-01
6,00308260E-01
6,00308240E-01
6,00306751E-01
6,00310480E-01
6,00308916E-01
6,00308434E-01
6,00305279E-01
6,00307742E-01
6,00308332E-01
6,00305413E-01
6,00308584E-01
6,00307722E-01
6,00307738E-01
6,00310198E-01
6,00308358E-01
6,00312520E-01
6,00308302E-01
6,00308378E-01
6,00308125E-01
6,00307059E-01
6,00307653E-01
6,00307184E-01
6,00307427E-01
6,00306449E-01
6,00309732E-01
6,00310329E-01
6,00304698E-01
6,00308640E-01
6,00309499E-01
6,00309968E-01
6,00310437E-01
6,00310021E-01
6,00309194E-01
6,00311277E-01
6,00308522E-01
6,00309355E-01
6,00309644E-01
6,00309024E-01
6,00303882E-01
6,00309739E-01
6,00311631E-01
6,00308617E-01
6,00310037E-01
6,00306249E-01
6,00308558E-01
6,00308329E-01
6,00303632E-01
6,00306187E-01
6,00307043E-01
6,00309667E-01
6,00306341E-01
6,00305223E-01
6,00304856E-01
6,00308322E-01
6,00309332E-01
6,00304574E-01
6,00305210E-01
6,00308699E-01
6,00308289E-01
6,00306732E-01
6,00309116E-01
6,00305899E-01
6,00307256E-01
6,00307096E-01
6,00306663E-01
6,00309965E-01
6,00307761E-01
6,00308765E-01
6,00310332E-01
6,00304308E-01
6,00304787E-01
6,00306987E-01
6,00305436E-01
6,00309053E-01
6,00307683E-01
6,00309083E-01
6,00309063E-01
6,00306627E-01
6,00305148E-01
6,00309985E-01
6,00308079E-01
6,00306991E-01
6,00309260E-01
6,00306158E-01
6,00305374E-01
6,00305039E-01
6,00308876E-01
6,00306322E-01
6,00305495E-01
6,00304374E-01
6,00307817E-01
6,00308804E-01
6,00307915E-01
6,00307463E-01
6,00309719E-01
6,00309037E-01
6,00305282E-01
6,00308404E-01
6,00305574E-01
6,00308771E-01
6,00307473E-01
6,00310562E-01
6,00309017E-01
6,00307266E-01
6,00306390E-01
6,00308263E-01
6,00309283E-01
6,00306718E-01
6,00310395E-01
6,00308283E-01
6,00310978E-01
6,00308397E-01
6,00309106E-01
6,00307446E-01
6,00309214E-01
6,00304747E-01
6,00304462E-01
6,00305318E-01
6,00308735E-01
6,00305557E-01
6,00307246E-01
6,00306955E-01
6,00307158E-01
6,00307505E-01
6,00308919E-01
6,00308365E-01
6,00303941E-01
6,00306650E-01
6,00309408E-01
6,00308053E-01
6,00306692E-01
6,00308539E-01
6,00308319E-01
6,00308276E-01
6,00309142E-01
6,00306394E-01
6,00308476E-01
6,00309909E-01
6,00307463E-01
6,00306128E-01
6,00307387E-01
6,00307332E-01
6,00307784E-01
6,00307656E-01
6,00308604E-01
6,00306876E-01
6,00305567E-01
6,00307361E-01
6,00310165E-01
6,00307014E-01
6,00303537E-01
6,00306800E-01
6,00308637E-01
6,00308024E-01
6,00305459E-01
6,00311136E-01
6,00307601E-01
6,00308375E-01
6,00308860E-01
6,00305016E-01
6,00308240E-01
6,00304439E-01
6,00304580E-01
6,00307056E-01
6,00306148E-01
6,00304213E-01
6,00303767E-01
6,00308319E-01
6,00309608E-01
6,00308870E-01
6,00308516E-01
6,00305823E-01
6,00306928E-01
6,00307135E-01
6,00303947E-01
6,00308102E-01
6,00305046E-01
6,00305115E-01
6,00304580E-01
6,00303934E-01
6,00306269E-01
6,00305154E-01
6,00303511E-01
6,00307961E-01
6,00306604E-01
6,00307879E-01
6,00303642E-01
6,00308112E-01
6,00309388E-01
6,00306745E-01
6,00308611E-01
6,00307509E-01
6,00309007E-01
6,00310460E-01
6,00308027E-01
6,00309204E-01
6,00308899E-01
6,00304770E-01
6,00308296E-01
6,00305302E-01
6,00306122E-01
6,00302157E-01
6,00306594E-01
6,00307046E-01
6,00304151E-01
6,00304623E-01
6,00304649E-01
6,00308388E-01
6,00307650E-01
6,00301120E-01
6,00305233E-01
6,00302442E-01
6,00301930E-01
6,00305758E-01
6,00301835E-01
6,00304528E-01
6,00303029E-01
6,00306810E-01
6,00304105E-01
6,00303259E-01
6,00307958E-01
6,00303960E-01
6,00303747E-01
6,00305689E-01
6,00304236E-01
6,00307915E-01
6,00304252E-01
6,00304921E-01
6,00302701E-01
6,00305997E-01
6,00305390E-01
6,00308476E-01
6,00309909E-01
6,00307463E-01
6,00306128E-01
6,00307387E-01
6,00307332E-01
6,00307784E-01
6,00307656E-01
6,00308604E-01
6,00306876E-01
6,00305567E-01
6,00307361E-01
6,00310165E-01
6,00307014E-01
6,00303537E-01
6,00306800E-01
6,00308637E-01
6,00308024E-01
6,00305459E-01
6,00311136E-01
6,00307601E-01
6,00308375E-01
6,00308860E-01
6,00305016E-01
6,00308240E-01
6,00304439E-01
6,00304580E-01
6,00307056E-01
6,00306148E-01
6,00304213E-01
6,00303767E-01
6,00308319E-01
6,00309608E-01
6,00308870E-01
6,00308516E-01
6,00305823E-01
6,00306928E-01
6,00307135E-01
6,00303947E-01
6,00308102E-01
6,00305046E-01
6,00305115E-01
6,00304580E-01
6,00303934E-01
6,00306269E-01
6,00305154E-01
6,00303511E-01
6,00307961E-01
6,00306604E-01
6,00307879E-01
6,00303642E-01
6,00308112E-01
6,00309388E-01
6,00306745E-01
6,00308611E-01
6,00307509E-01
6,00309007E-01
6,00310460E-01
6,00308027E-01
6,00309204E-01
6,00308899E-01
6,00304770E-01
6,00308296E-01
6,00305302E-01
6,00306122E-01
6,00302157E-01
6,00306594E-01
6,00307046E-01
6,00304151E-01
6,00304623E-01
6,00304649E-01
6,00308388E-01
6,00307650E-01
6,00301120E-01
6,00305233E-01
6,00302442E-01
6,00301930E-01
6,00305758E-01
6,00301835E-01
6,00304528E-01
6,00303029E-01
6,00306810E-01
6,00304105E-01
6,00303259E-01
6,00307958E-01
6,00303960E-01
6,00303747E-01
6,00305689E-01
6,00304236E-01
6,00307915E-01
6,00304252E-01
6,00304921E-01
6,00302701E-01
6,00305997E-01
6,00305390E-01
6,00304652E-01
6,00307699E-01
6,00302721E-01
6,00306866E-01
6,00305721E-01
6,00306738E-01
6,00308152E-01
6,00306010E-01
6,00303875E-01
6,00305289E-01
6,00305931E-01
6,00304380E-01
6,00304223E-01
6,00307374E-01
6,00308329E-01
6,00305856E-01
6,00306174E-01
6,00307843E-01
6,00303039E-01
6,00306440E-01
6,00303331E-01
6,00304321E-01
6,00303557E-01
6,00307263E-01
6,00305138E-01
6,00305580E-01
6,00305643E-01
6,00303790E-01
6,00304092E-01
6,00303127E-01
6,00305577E-01
6,00304764E-01
6,00307178E-01
6,00305521E-01
6,00304610E-01
6,00302347E-01
6,00304278E-01
6,00301543E-01
6,00299789E-01
6,00303596E-01
6,00301907E-01
6,00303524E-01
6,00304367E-01
6,00301921E-01
6,00305964E-01
6,00302494E-01
6,00300245E-01
6,00304062E-01
6,00301845E-01
6,00306886E-01
6,00302944E-01
6,00304426E-01
6,00306889E-01
6,00306010E-01
6,00307027E-01
6,00304698E-01
6,00304997E-01
6,00306699E-01
6,00304934E-01
6,00305420E-01
6,00302947E-01
6,00302937E-01
6,00305128E-01
6,00306722E-01
6,00304003E-01
6,00303308E-01
6,00300976E-01
6,00300848E-01
6,00301639E-01
6,00303085E-01
6,00303154E-01
6,00304239E-01
6,00306049E-01
6,00305990E-01
6,00304118E-01
6,00306715E-01
6,00306964E-01
6,00307020E-01
6,00301176E-01
6,00302409E-01
6,00303472E-01
6,00304767E-01
6,00305508E-01
6,00304888E-01
6,00301271E-01
6,00305856E-01
6,00306909E-01
6,00303564E-01
6,00303806E-01
6,00305207E-01
6,00304167E-01
6,00304685E-01
6,00304911E-01
6,00306302E-01
6,00305453E-01
6,00306181E-01
6,00306292E-01
6,00306663E-01
6,00304833E-01
6,00306236E-01
6,00307774E-01
6,00303131E-01
6,00302137E-01
6,00302340E-01
6,00307282E-01
6,00301829E-01
6,00300671E-01
6,00305134E-01
6,00301839E-01
6,00305233E-01
6,00304816E-01
6,00306043E-01
6,00305479E-01
6,00304600E-01
6,00304810E-01
6,00301481E-01
6,00302711E-01
6,00300792E-01
6,00302160E-01
6,00304019E-01
6,00303200E-01
6,00304498E-01
6,00302426E-01
6,00301917E-01
6,00304095E-01
6,00302852E-01
6,00305922E-01
6,00307551E-01
6,00305108E-01
6,00301658E-01
6,00300642E-01
6,00303872E-01
6,00301209E-01
6,00305459E-01
6,00301143E-01
6,00301724E-01
6,00303580E-01
6,00299323E-01
6,00302245E-01
6,00301438E-01
6,00303511E-01
6,00299704E-01
6,00299044E-01
6,00303619E-01
6,00304380E-01
6,00301488E-01
6,00302750E-01
6,00299507E-01
6,00304137E-01
6,00304088E-01
6,00300740E-01
6,00304764E-01
6,00300868E-01
6,00299428E-01
6,00303750E-01
6,00301596E-01
6,00300983E-01
6,00304623E-01
6,00304219E-01
6,00302619E-01
6,00303937E-01
6,00304446E-01
6,00303724E-01
6,00306741E-01
6,00302409E-01
6,00302567E-01
6,00301173E-01
6,00301265E-01
6,00302176E-01
6,00302239E-01
6,00299261E-01
6,00304606E-01
6,00302157E-01
6,00305531E-01
6,00303442E-01
6,00303508E-01
6,00306341E-01
6,00302858E-01
6,00305043E-01
6,00302380E-01
6,00305502E-01
6,00302085E-01
6,00300176E-01
6,00304888E-01
6,00301976E-01
6,00302957E-01
6,00301543E-01
6,00300284E-01
6,00304374E-01
6,00302681E-01
6,00306909E-01
6,00300628E-01
6,00301753E-01
6,00307328E-01
6,00303937E-01
6,00305443E-01
6,00305184E-01
6,00301314E-01
6,00303616E-01
6,00306758E-01
6,00303373E-01
6,00301507E-01
6,00302327E-01
6,00302662E-01
6,00307004E-01
6,00305000E-01
6,00305607E-01
6,00303741E-01
6,00301048E-01
6,00304016E-01
6,00303777E-01
6,00308207E-01
6,00303429E-01
6,00307210E-01
6,00308440E-01
6,00308584E-01
6,00306128E-01
6,00305754E-01
6,00304724E-01
6,00302412E-01
6,00303878E-01
6,00300228E-01
6,00303255E-01
6,00304787E-01
6,00306722E-01
6,00305213E-01
6,00305574E-01
6,00304492E-01
6,00307161E-01
6,00308617E-01
6,00302130E-01
6,00303596E-01
6,00306509E-01
6,00307089E-01
6,00304324E-01
6,00304692E-01
6,00306164E-01
6,00306072E-01
6,00302088E-01
6,00306820E-01
6,00305111E-01
6,00303291E-01
6,00303308E-01
6,00307342E-01
6,00303557E-01
6,00304718E-01
6,00304236E-01
6,00303091E-01
6,00304144E-01
6,00302980E-01
6,00305059E-01
6,00304180E-01
6,00301812E-01
6,00303095E-01
6,00302353E-01
6,00303731E-01
6,00302347E-01
6,00300300E-01
6,00302114E-01
6,00301517E-01
6,00303432E-01
6,00302163E-01
6,00303409E-01
6,00303036E-01
6,00304829E-01
6,00301989E-01
6,00303360E-01
6,00299884E-01
6,00304078E-01
6,00304623E-01
6,00304324E-01
6,00302337E-01
6,00306053E-01
6,00308476E-01
6,00307833E-01
6,00304820E-01
6,00304685E-01
6,00302419E-01
6,00296398E-01
6,00303432E-01
6,00300333E-01
6,00301514E-01
6,00303160E-01
6,00300553E-01
6,00303564E-01
6,00304656E-01
6,00303596E-01
6,00304390E-01
6,00303049E-01
6,00304108E-01
6,00306033E-01
6,00302767E-01
6,00303711E-01
6,00305485E-01
6,00302186E-01
6,00303282E-01
6,00300133E-01
6,00301842E-01
6,00301350E-01
6,00302550E-01
6,00306620E-01
6,00303682E-01
6,00305371E-01
6,00303075E-01
6,00306964E-01
6,00305974E-01
6,00301721E-01
6,00301261E-01
6,00301888E-01
6,00304410E-01
6,00303993E-01
6,00304721E-01
6,00302275E-01
6,00302914E-01
6,00301881E-01
6,00301386E-01
6,00299664E-01
6,00303931E-01
6,00303665E-01
6,00302855E-01
6,00300910E-01
6,00303245E-01
6,00299743E-01
6,00299028E-01
6,00301393E-01
6,00301422E-01
6,00302458E-01
6,00299864E-01
6,00298057E-01
6,00297667E-01
6,00296398E-01
6,00297641E-01
6,00300048E-01
6,00298129E-01
6,00300268E-01
6,00300838E-01
6,00302472E-01
6,00300212E-01
6,00301219E-01
6,00298415E-01
6,00299120E-01
6,00289613E-01
6,00303059E-01
6,00297247E-01
6,00298651E-01
6,00301061E-01
6,00300107E-01
6,00302193E-01
6,00296483E-01
6,00300481E-01
6,00298913E-01
6,00304016E-01
6,00297264E-01
6,00299887E-01
6,00300297E-01
6,00299277E-01
6,00301819E-01
6,00299756E-01
6,00299461E-01
6,00301383E-01
6,00297592E-01
6,00299310E-01
6,00302790E-01
6,00301111E-01
6,00297923E-01
6,00298087E-01
6,00301248E-01
6,00300914E-01
6,00301320E-01
6,00299487E-01
6,00304026E-01
6,00299353E-01
6,00300825E-01
6,00300622E-01
6,00297241E-01
6,00298438E-01
6,00300481E-01
6,00294460E-01
6,00295217E-01
6,00297861E-01
6,00299044E-01
6,00298480E-01
6,00299769E-01
6,00303036E-01
6,00298687E-01
6,00299553E-01
6,00300268E-01
6,00300963E-01
6,00301458E-01
6,00298808E-01
6,00298766E-01
6,00299169E-01
6,00297805E-01
6,00296624E-01
6,00297306E-01
6,00298031E-01
6,00299881E-01
6,00299668E-01
6,00299789E-01
6,00300199E-01
6,00293237E-01
6,00297106E-01
6,00300094E-01
6,00302242E-01
6,00301517E-01
6,00304603E-01
6,00300704E-01
6,00300566E-01
6,00298307E-01
6,00299602E-01
6,00298002E-01
6,00299851E-01
6,00298549E-01
6,00298274E-01
6,00297900E-01
6,00299782E-01
6,00302442E-01
6,00304702E-01
6,00300694E-01
6,00301868E-01
6,00297601E-01
6,00299185E-01
6,00300114E-01
6,00299540E-01
6,00296168E-01
6,00299172E-01
6,00299795E-01
6,00297162E-01
6,00301983E-01
6,00299254E-01
6,00298474E-01
6,00296152E-01
6,00301645E-01
6,00298375E-01
6,00298303E-01
6,00297477E-01
6,00301032E-01
6,00304174E-01
6,00302481E-01
6,00301048E-01
6,00301111E-01
6,00299169E-01
6,00296349E-01
6,00302147E-01
6,00301806E-01
6,00298605E-01
6,00301166E-01
6,00298375E-01
6,00300123E-01
6,00298146E-01
6,00299540E-01
6,00300848E-01
6,00299707E-01
6,00301701E-01
6,00302445E-01
6,00302488E-01
6,00303665E-01
6,00302442E-01
6,00302672E-01
6,00299363E-01
6,00297690E-01
6,00301311E-01
6,00300045E-01
6,00299795E-01
6,00295680E-01
6,00297867E-01
6,00296834E-01
6,00298671E-01
6,00299356E-01
6,00297536E-01
6,00299576E-01
6,00301950E-01
6,00299527E-01
6,00300396E-01
6,00300310E-01
6,00297792E-01
6,00302327E-01
6,00298880E-01
6,00302065E-01
6,00297795E-01
6,00299825E-01
6,00298884E-01
6,00301042E-01
6,00300094E-01
6,00299996E-01
6,00299054E-01
6,00299130E-01
6,00295827E-01
6,00300300E-01
6,00303491E-01
6,00298326E-01
6,00298867E-01
6,00300166E-01
6,00301294E-01
6,00300481E-01
6,00298569E-01
6,00298677E-01
6,00299156E-01
6,00296932E-01
6,00299448E-01
6,00301858E-01
6,00301586E-01
6,00299048E-01
6,00301025E-01
6,00299284E-01
6,00293046E-01
6,00298444E-01
6,00297962E-01
6,00297300E-01
6,00296709E-01
6,00301301E-01
6,00299097E-01
6,00297798E-01
6,00304806E-01
6,00301717E-01
6,00296562E-01
6,00299163E-01
6,00297582E-01
6,00300986E-01
6,00299720E-01
6,00299133E-01
6,00298717E-01
6,00304603E-01
6,00302324E-01
6,00298726E-01
6,00295191E-01
6,00298930E-01
6,00297857E-01
6,00297795E-01
6,00298457E-01
6,00300097E-01
6,00298638E-01
6,00299720E-01
6,00298333E-01
6,00301917E-01
6,00303446E-01
6,00301416E-01
6,00299920E-01
6,00302167E-01
6,00296998E-01
6,00299133E-01
6,00293460E-01
6,00293958E-01
6,00295699E-01
6,00296080E-01
6,00295955E-01
6,00297969E-01
6,00296024E-01
6,00295949E-01
6,00293860E-01
6,00297867E-01
6,00299025E-01
6,00300517E-01
6,00297805E-01
6,00295791E-01
6,00299044E-01
6,00296572E-01
6,00296421E-01
6,00292479E-01
6,00296014E-01
6,00300346E-01
6,00300517E-01
6,00296916E-01
6,00298389E-01
6,00296969E-01
6,00298421E-01
6,00296126E-01
6,00297133E-01
6,00297772E-01
6,00295030E-01
6,00296342E-01
6,00295801E-01
6,00292794E-01
6,00295624E-01
6,00296519E-01
6,00294630E-01
6,00293755E-01
6,00293732E-01
6,00295319E-01
6,00299310E-01
6,00293027E-01
6,00293479E-01
6,00293702E-01
6,00298477E-01
6,00294834E-01
6,00297392E-01
6,00295270E-01
6,00299081E-01
6,00297244E-01
6,00297959E-01
6,00299910E-01
6,00296910E-01
6,00296772E-01
6,00298048E-01
6,00295673E-01
6,00298946E-01
6,00297631E-01
6,00296769E-01
6,00300278E-01
6,00295765E-01
6,00298854E-01
6,00298654E-01
6,00297365E-01
6,00301455E-01
6,00299835E-01
6,00298710E-01
6,00299904E-01
6,00298392E-01
6,00295601E-01
6,00298903E-01
6,00295486E-01
6,00297047E-01
6,00296185E-01
6,00297510E-01
6,00298559E-01
6,00301271E-01
6,00297729E-01
6,00295588E-01
6,00300117E-01
6,00300999E-01
6,00299950E-01
6,00297031E-01
6,00296791E-01
6,00297487E-01
6,00306545E-01
6,00302872E-01
6,00307460E-01
6,00309690E-01
6,00306463E-01
6,00302662E-01
6,00302235E-01
6,00303619E-01
6,00307850E-01
6,00303226E-01
6,00305266E-01
6,00305230E-01
6,00305013E-01
6,00307758E-01
6,00304777E-01
6,00305702E-01
6,00308417E-01
6,00305462E-01
6,00303688E-01
6,00308447E-01
6,00306030E-01
6,00307253E-01
6,00302931E-01
6,00303875E-01
6,00302085E-01
6,00303708E-01
6,00307496E-01
6,00304364E-01
6,00305000E-01
6,00301914E-01
6,00304600E-01
6,00302576E-01
6,00303947E-01
6,00305964E-01
6,00305597E-01
6,00306548E-01
6,00304282E-01
6,00305567E-01
6,00305502E-01
6,00306453E-01
6,00305594E-01
6,00303728E-01
6,00304685E-01
6,00306043E-01
6,00304944E-01
6,00302796E-01
6,00303072E-01
6,00301563E-01
6,00306374E-01
6,00302655E-01
6,00303468E-01
6,00303646E-01
6,00305872E-01
6,00302458E-01
6,00303662E-01
6,00303760E-01
6,00304069E-01
6,00304843E-01
6,00305062E-01
6,00306141E-01
6,00304895E-01
6,00307374E-01
6,00303905E-01
6,00308093E-01
6,00306217E-01
6,00304085E-01
6,00304380E-01
6,00303337E-01
6,00307145E-01
6,00304000E-01
6,00306135E-01
6,00304921E-01
6,00304101E-01
6,00306026E-01
6,00305600E-01
6,00306430E-01
6,00302586E-01
6,00303560E-01
6,00300986E-01
6,00301373E-01
6,00303131E-01
6,00303505E-01
6,00305269E-01
6,00306682E-01
6,00302144E-01
6,00306781E-01
6,00303295E-01
6,00302439E-01
6,00302786E-01
6,00304721E-01
6,00304790E-01
6,00304859E-01
6,00305774E-01
6,00302576E-01
6,00302150E-01
6,00302009E-01
6,00307273E-01
6,00303222E-01
6,00304528E-01
6,00304597E-01
6,00303442E-01
6,00307906E-01
6,00304747E-01
6,00305246E-01
6,00312123E-01
6,00309860E-01
6,00307128E-01
6,00307666E-01
6,00308404E-01
6,00305954E-01
6,00302898E-01
6,00302629E-01
6,00305594E-01
6,00303596E-01
6,00305584E-01
6,00306545E-01
6,00306013E-01
6,00305128E-01
6,00307909E-01
6,00306059E-01
6,00308424E-01
6,00303514E-01
6,00306305E-01
6,00306197E-01
6,00303550E-01
6,00307643E-01
6,00304934E-01
6,00306076E-01
6,00305066E-01
6,00304295E-01
6,00301868E-01
6,00304797E-01
6,00306469E-01
6,00303655E-01
6,00304751E-01
6,00305357E-01
6,00305134E-01
6,00303514E-01
6,00306259E-01
6,00304774E-01
6,00303787E-01
6,00306558E-01
6,00307669E-01
6,00306991E-01
6,00305843E-01
6,00306059E-01
6,00307112E-01
6,00305754E-01
6,00306289E-01
6,00306764E-01
6,00304987E-01
6,00304708E-01
6,00306958E-01
6,00308502E-01
6,00306249E-01
6,00307574E-01
6,00307351E-01
6,00308306E-01
6,00308742E-01
6,00310687E-01
6,00305607E-01
6,00303685E-01
6,00307164E-01
6,00307663E-01
6,00305413E-01
6,00308417E-01
6,00305649E-01
6,00306902E-01
6,00307315E-01
6,00306905E-01
6,00308168E-01
6,00307266E-01
6,00308352E-01
6,00304272E-01
6,00307984E-01
6,00308276E-01
6,00305823E-01
6,00305282E-01
6,00306112E-01
6,00307148E-01
6,00305351E-01
6,00310113E-01
6,00309427E-01
6,00309729E-01
6,00310247E-01
6,00310191E-01
6,00306600E-01
6,00309929E-01
6,00310004E-01
6,00309352E-01
6,00311015E-01
6,00307630E-01
6,00308479E-01
6,00306981E-01
6,00306827E-01
6,00306912E-01
6,00310431E-01
6,00306987E-01
6,00310306E-01
6,00309086E-01
6,00306289E-01
6,00309995E-01
6,00307276E-01
6,00305643E-01
6,00310067E-01
6,00308479E-01
6,00308420E-01
6,00305282E-01
6,00306486E-01
6,00306263E-01
6,00309804E-01
6,00309014E-01
6,00308807E-01
6,00308043E-01
6,00307601E-01
6,00308024E-01
6,00307647E-01
6,00311369E-01
6,00308011E-01
6,00307017E-01
6,00304813E-01
6,00307647E-01
6,00309132E-01
6,00310529E-01
6,00309503E-01
6,00310126E-01
6,00311615E-01
6,00309483E-01
6,00309293E-01
6,00307886E-01
6,00310001E-01
6,00306394E-01
6,00308115E-01
6,00306699E-01
6,00304934E-01
6,00305869E-01
6,00307450E-01
6,00305669E-01
6,00305600E-01
6,00307020E-01
6,00306377E-01
6,00308411E-01
6,00308138E-01
6,00306571E-01
6,00310828E-01
6,00304554E-01
6,00307791E-01
6,00303626E-01
6,00306659E-01
6,00306302E-01
6,00306620E-01
6,00306181E-01
6,00307338E-01
6,00309637E-01
6,00305744E-01
6,00306958E-01
6,00305200E-01
6,00309070E-01
6,00308463E-01
6,00305666E-01
6,00312713E-01
6,00307492E-01
6,00304810E-01
6,00307305E-01
6,00308742E-01
6,00307207E-01
6,00309804E-01
6,00307279E-01
6,00306787E-01
6,00309581E-01
6,00305718E-01
6,00305459E-01
6,00307269E-01
6,00305584E-01
6,00305784E-01
6,00304475E-01
6,00308725E-01
6,00305115E-01
6,00305193E-01
6,00304682E-01
6,00304895E-01
6,00304272E-01
6,00305767E-01
6,00307253E-01
6,00307784E-01
6,00307184E-01
6,00306758E-01
6,00305151E-01
6,00307378E-01
6,00309795E-01
6,00305767E-01
6,00310277E-01
6,00306223E-01
6,00306243E-01
6,00307984E-01
6,00311172E-01
6,00307863E-01
6,00307683E-01
6,00306177E-01
6,00307479E-01
6,00306545E-01
6,00306738E-01
6,00309719E-01
6,00309945E-01
6,00308352E-01
6,00306909E-01
6,00306443E-01
6,00307696E-01
6,00310450E-01
6,00305331E-01
6,00302796E-01
6,00308332E-01
6,00306076E-01
6,00306200E-01
6,00307647E-01
6,00308952E-01
6,00307040E-01
6,00305725E-01
6,00306053E-01
6,00309201E-01
6,00303931E-01
6,00307610E-01
6,00305000E-01
6,00306076E-01
6,00305840E-01
6,00306390E-01
6,00308033E-01
6,00309181E-01
6,00306577E-01
6,00302681E-01
6,00305505E-01
6,00307043E-01
6,00303554E-01
6,00305538E-01
6,00308909E-01
6,00307981E-01
6,00308857E-01
6,00309286E-01
6,00309778E-01
6,00306666E-01
6,00308161E-01
6,00306771E-01
6,00308427E-01
6,00304065E-01
6,00308260E-01
6,00308240E-01
6,00306751E-01
6,00310480E-01
6,00308916E-01
6,00308434E-01
6,00305279E-01
6,00307742E-01
6,00308332E-01
6,00305413E-01
6,00308584E-01
6,00307722E-01
6,00307738E-01
6,00310198E-01
6,00308358E-01
6,00312520E-01
6,00308302E-01
6,00308378E-01
6,00308125E-01
6,00307059E-01
6,00307653E-01
6,00307184E-01
6,00307427E-01
6,00306449E-01
6,00309732E-01
6,00310329E-01
6,00304698E-01
6,00308640E-01
6,00309499E-01
6,00309968E-01
6,00310437E-01
6,00310021E-01
6,00309194E-01
6,00311277E-01
6,00308522E-01
6,00309355E-01
6,00309644E-01
6,00309024E-01
6,00303882E-01
6,00309739E-01
6,00311631E-01
6,00308617E-01
6,00310037E-01
6,00306249E-01
6,00308558E-01
6,00308329E-01
6,00303632E-01
6,00306187E-01
6,00307043E-01
6,00309667E-01
6,00306341E-01
6,00305223E-01
6,00304856E-01
6,00308322E-01
6,00309332E-01
6,00304574E-01
6,00305210E-01
6,00308699E-01
6,00308289E-01
6,00306732E-01
6,00309116E-01
6,00305899E-01
6,00307256E-01
6,00307096E-01
6,00306663E-01
6,00309965E-01
6,00307761E-01
6,00308765E-01
6,00310332E-01
6,00304308E-01
6,00304787E-01
6,00306987E-01
6,00305436E-01
6,00309053E-01
6,00307683E-01
6,00309083E-01
6,00309063E-01
6,00306627E-01
6,00305148E-01
6,00309985E-01
6,00308079E-01
6,00306991E-01
6,00309260E-01
6,00306158E-01
6,00305374E-01
6,00305039E-01
6,00308876E-01
6,00306322E-01
6,00305495E-01
6,00304374E-01
6,00307817E-01
6,00308804E-01
6,00307915E-01
6,00307463E-01
6,00309719E-01
6,00309037E-01
6,00305282E-01
6,00308404E-01
6,00305574E-01
6,00308771E-01
6,00307473E-01
6,00310562E-01
6,00309017E-01
6,00307266E-01
6,00306390E-01
6,00308263E-01
6,00309283E-01
6,00306718E-01
6,00310395E-01
6,00308283E-01
6,00310978E-01
6,00308397E-01
6,00309106E-01
6,00307446E-01
6,00309214E-01
6,00304747E-01
6,00304462E-01
6,00305318E-01
6,00308735E-01
6,00305557E-01
6,00307246E-01
6,00306955E-01
6,00307158E-01
6,00307505E-01
6,00308919E-01
6,00308365E-01
6,00303941E-01
6,00306650E-01
6,00309408E-01
6,00308053E-01
6,00306692E-01
6,00308539E-01
6,00308319E-01
6,00308276E-01
6,00309142E-01
6,00306394E-01
6,00308476E-01
6,00309909E-01
6,00307463E-01
6,00306128E-01
6,00307387E-01
6,00307332E-01
6,00307784E-01
6,00307656E-01
6,00308604E-01
6,00306876E-01
6,00305567E-01
6,00307361E-01
6,00310165E-01
6,00307014E-01
6,00303537E-01
6,00306800E-01
6,00308637E-01
6,00308024E-01
6,00305459E-01
6,00311136E-01
6,00307601E-01
6,00308375E-01
6,00308860E-01
6,00305016E-01
6,00308240E-01
6,00304439E-01
6,00304580E-01
6,00307056E-01
6,00306148E-01
6,00304213E-01
6,00303767E-01
6,00308319E-01
6,00309608E-01
6,00308870E-01
6,00308516E-01
6,00305823E-01
6,00306928E-01
6,00307135E-01
6,00303947E-01
6,00308102E-01
6,00305046E-01
6,00305115E-01
6,00304580E-01
6,00303934E-01
6,00306269E-01
6,00305154E-01
6,00303511E-01
6,00307961E-01
6,00306604E-01
6,00307879E-01
6,00303642E-01
6,00308112E-01
6,00309388E-01
6,00306745E-01
6,00308611E-01
6,00307509E-01
6,00309007E-01
6,00310460E-01
6,00308027E-01
6,00309204E-01
6,00308899E-01
6,00304770E-01
6,00308296E-01
6,00305302E-01
6,00306122E-01
6,00302157E-01
6,00306594E-01
6,00307046E-01
6,00304151E-01
6,00304623E-01
6,00304649E-01
6,00308388E-01
6,00307650E-01
6,00301120E-01
6,00305233E-01
6,00302442E-01
6,00301930E-01
6,00305758E-01
6,00301835E-01
6,00304528E-01
6,00303029E-01
6,00306810E-01
6,00304105E-01
6,00303259E-01
6,00307958E-01
6,00303960E-01
6,00303747E-01
6,00305689E-01
6,00304236E-01
6,00307915E-01
6,00304252E-01
6,00304921E-01
6,00302701E-01
6,00305997E-01
6,00305390E-01
6,00304652E-01
6,00307699E-01
6,00302721E-01
6,00306866E-01
6,00305721E-01
6,00306738E-01
6,00308152E-01
6,00306010E-01
6,00303875E-01
6,00305289E-01
6,00305931E-01
6,00304380E-01
6,00304223E-01
6,00307374E-01
6,00308329E-01
6,00305856E-01
6,00306174E-01
6,00307843E-01
6,00303039E-01
6,00306440E-01
6,00303331E-01
6,00304321E-01
6,00303557E-01
6,00307263E-01
6,00305138E-01
6,00305580E-01
6,00305643E-01
6,00303790E-01
6,00304092E-01
6,00303127E-01
6,00305577E-01
6,00304764E-01
6,00307178E-01
6,00305521E-01
6,00304610E-01
6,00302347E-01
6,00304278E-01
6,00301543E-01
6,00299789E-01
6,00303596E-01
6,00301907E-01
6,00303524E-01
6,00304367E-01
6,00301921E-01
6,00305964E-01
6,00302494E-01
6,00300245E-01
6,00304062E-01
6,00301845E-01
6,00306886E-01
6,00302944E-01
6,00304426E-01
6,00306889E-01
6,00306010E-01
6,00307027E-01
6,00304698E-01
